   2.0000000e+00  -1.0387229e+00  -4.9878617e-02  -1.1132300e+00  -9.1769894e-03   3.2151219e-01  -1.2618115e+00  -2.7829834e-02  -3.1957535e-01   1.3847624e+00  -1.5369189e+00
   2.0000000e+00  -6.0668379e-01   1.2917454e+00   5.7538247e-01   4.4532238e-01  -9.9291632e-01  -1.8921834e-02   5.1395588e-01   5.6740454e-01  -4.8772201e-01   2.0181969e+00
   2.0000000e+00  -1.4115288e-01   1.9711159e+00  -8.2930989e-01   8.1502500e-01  -5.9432337e-01  -1.1942355e+00  -9.7841511e-01  -5.5450665e-01  -5.2084883e-01  -1.4478626e+00
   2.0000000e+00  -5.0307399e-01  -7.3530835e-01  -1.7838896e+00   3.1134526e-01   3.6557643e-01   1.4644656e+00  -3.7550871e-01  -2.4684528e-01   1.0300662e+00   6.9863531e-01
   2.0000000e+00  -4.7087061e-01   9.7674897e-01  -2.3757697e+00   5.3362986e-01  -9.3304060e-01   1.2893047e-01   1.9551000e-01   1.1586055e+00  -8.0548005e-01   5.3011185e-01
   2.0000000e+00   8.9759937e-01  -4.1849235e-01  -1.0069917e+00   1.1848013e+00   8.2778886e-01  -1.1861984e-01  -1.6535348e+00  -1.4646080e+00   1.0675822e+00  -7.1627200e-01
   2.0000000e+00  -8.2963283e-01  -8.6750759e-01   4.3981189e-01   2.3951481e+00   9.9259474e-01  -6.4584693e-01  -1.3038305e+00  -2.2689433e+00  -9.1998481e-02   1.1132303e+00
   2.0000000e+00   1.1065972e-01  -1.7817265e+00   3.9813530e-01   8.8734667e-02  -7.1332955e-01   1.2020133e+00  -2.1371960e+00   3.1867158e-01  -1.0576975e+00   3.1806578e-01
   2.0000000e+00  -1.8124997e+00   7.8910243e-01  -3.4552109e-01  -6.3035853e-01  -8.1110754e-02  -3.4057996e+00  -5.0213935e-01   2.1456370e+00  -6.1983890e-01  -2.0962479e+00
   2.0000000e+00  -6.9270561e-01   2.2433459e+00   1.9094766e-01  -1.0592539e+00  -2.6853685e-01   1.3796623e+00   1.4614378e-01   2.8413748e-01  -1.4340097e+00  -3.1271627e-01
   2.0000000e+00  -2.4516054e-01   1.2371691e+00   1.0648493e+00   8.8269047e-01  -1.8094590e-01  -9.3119593e-01   2.7960382e-01  -2.0306943e-01   3.9259588e-01  -6.3789658e-01
   1.0000000e+00   7.9726753e-01  -4.7057720e-01  -7.4255697e-01  -1.4344164e+00   8.8045119e-01   2.5841095e-01   4.0396776e-01  -3.2795773e-02   6.0095468e-02   7.4101681e-01
   2.0000000e+00   1.0187083e-01  -1.3050722e+00  -2.5393967e-01  -2.7353881e-01   1.1942310e+00   1.2116701e+00  -2.5428132e-02   2.2629243e+00   6.9716249e-01   1.1364050e+00
   2.0000000e+00  -1.8645650e-01   1.0936517e+00   1.0799130e+00  -2.0106054e+00   1.0965855e+00  -7.6310525e-01   3.9413664e-01  -3.6316501e-01  -1.1186549e+00  -3.5333993e-01
   2.0000000e+00  -1.3898715e+00   7.2980900e-01  -1.4370740e+00   3.0153211e-02  -1.8384985e-01  -2.3261822e-01   6.7609553e-02   4.4903644e-01   2.1728704e+00  -3.6103737e-01
   2.0000000e+00   1.2570636e+00   9.1919750e-01  -2.2543932e-01  -8.7985561e-01   1.9475475e-01   7.7874184e-01   6.5784236e-01   1.1865634e-01   9.6318449e-01  -5.2744955e-01
   2.0000000e+00  -4.8341319e-01   2.5423171e+00   2.1938029e+00   1.3234810e+00   2.0721780e-01  -9.5787281e-01  -1.9121587e+00  -6.8589020e-01   2.5471405e-01  -1.9883227e-01
   2.0000000e+00   2.2800284e+00   1.7546433e+00  -3.0706347e-01  -1.0270647e+00  -3.4418064e-01  -8.8241537e-01  -2.1638065e+00  -4.7728321e-01  -1.7904757e+00  -1.2542754e-01
   1.0000000e+00   8.1457955e-02   5.7545051e-02  -5.5066461e-02   1.7968783e-01  -2.9716244e-01  -1.1085644e+00  -9.8681860e-01   7.7279645e-01   8.7071425e-02  -1.0077677e+00
   2.0000000e+00  -3.6134051e-01  -6.1907225e-01  -1.4874838e+00  -1.4299388e+00   1.4401744e+00  -1.5520378e+00  -6.4718298e-01  -1.0288828e+00   6.8536851e-01   5.8491311e-01
   2.0000000e+00  -1.5670207e-01   1.2900074e+00  -4.7620685e-01  -3.5020880e-01   1.4210567e+00   6.8754590e-01  -7.9000399e-01  -1.5384216e-01   1.0662080e+00   7.7650150e-01
   2.0000000e+00   1.4922568e+00  -4.9802487e-02  -3.5692058e-01   3.7497989e-01   7.9572283e-01  -4.5214022e-01   6.5130885e-02  -9.4965731e-01   2.5215941e+00  -1.9711417e-01
   2.0000000e+00  -1.6143647e+00  -1.6215204e+00  -1.7296666e-01   1.5248888e+00   1.1088713e-01   9.8327845e-01  -8.1960487e-01  -2.6524317e-01  -4.0904813e-02   6.4795560e-01
   2.0000000e+00   1.9447440e+00  -5.6291982e-01   1.2855250e+00   1.3487999e-01   1.0039898e+00   1.7952885e-01  -9.1970233e-01  -1.0449112e+00   1.9517682e+00  -9.5316821e-01
   1.0000000e+00   2.4453488e-02  -2.8066955e-01  -7.1284472e-01  -1.0856017e+00  -4.3381221e-01   2.1121560e-01   1.3018974e-01   9.7332085e-02   1.4820680e+00  -1.4220457e+00
   2.0000000e+00   2.4908626e-01   4.1521481e-01   7.5861607e-01  -2.9156897e-01   1.4089019e-01  -4.4930662e-01   7.7471210e-01  -1.8892660e+00  -9.5631685e-01  -1.0665802e+00
   2.0000000e+00   6.6389653e-01   3.9065844e-01   6.3461643e-02  -3.1215580e-01   9.3686606e-01  -3.9634305e-01  -2.0867184e-01   8.0915286e-01  -1.2652582e+00  -3.5199690e-01
   2.0000000e+00   8.4236948e-01   1.0121943e+00   1.1366027e+00   1.3405312e+00  -1.1836640e-01   6.7028344e-01   1.7322393e+00  -1.9085824e+00   5.3770105e-01  -9.6308719e-01
   1.0000000e+00   8.0745128e-01   7.5245407e-01   1.2052420e+00  -4.5641120e-01  -1.1663963e+00   4.9103980e-02  -1.4165870e-01  -3.5280287e-01  -1.4810044e+00  -3.1816613e-02
   2.0000000e+00  -1.1053514e+00  -4.2173061e-01  -7.2296809e-02  -5.5171100e-01   3.3090517e-01   9.0391502e-01  -1.8489677e+00  -7.9258135e-01  -9.5420761e-01  -1.0733236e+00
   2.0000000e+00  -2.2014215e+00   1.7355669e+00  -1.2653080e+00  -1.7702292e-01  -1.0090570e-01   2.8718444e-01  -1.3299158e+00   3.6279102e-01  -2.0544453e+00   6.2982742e-01
   2.0000000e+00  -1.4030492e-01   1.3881192e+00   1.2876793e+00   5.5417077e-01   2.5142074e-01   9.8928968e-01  -9.3070740e-01  -6.3940165e-01   1.6854996e+00   1.9688536e-01
   2.0000000e+00   1.5997468e+00  -1.4709285e+00   6.8058525e-01  -2.3128043e+00  -3.8512889e-01   3.7164258e-01   9.1681635e-01   1.0318123e+00   1.7175237e+00   2.2440384e-01
   2.0000000e+00  -6.2919365e-01  -5.6278402e-01   1.1591941e+00   5.6355117e-01  -1.5396978e-02  -6.9419369e-01   2.4123162e+00   1.2339533e+00  -3.7031783e-01   1.2711104e+00
   2.0000000e+00   1.2964226e+00   1.0594192e+00   1.3384380e+00  -1.6651394e+00  -6.1244453e-01  -2.8109381e-01   5.7791511e-01   3.5961968e-01  -2.6998631e-02  -1.1779248e+00
   2.0000000e+00  -1.3112543e+00  -1.0333139e-01   1.9777155e-01   1.0144006e+00  -8.1568766e-01  -7.5550579e-01  -2.8267038e-01  -1.0535115e+00  -9.8534967e-03   6.8830200e-01
   1.0000000e+00   8.3211970e-02   9.2707361e-01  -2.5979588e-01   4.3034631e-01   6.2572673e-01   4.5829379e-01   1.8820435e-01   3.8060891e-01  -4.7148724e-01   1.0177965e-01
   2.0000000e+00  -5.0126721e-01   7.1379001e-01  -6.8881713e-01   6.7855774e-01  -9.4247391e-01   1.9545055e+00  -6.9671988e-01   2.7956577e-01  -4.0236304e-01   7.6923630e-01
   2.0000000e+00  -2.0044820e-02  -2.3746492e-01  -1.5280928e+00   7.3778240e-02  -2.4318013e-01   7.1506096e-01  -9.8877318e-01  -1.8001482e+00   3.8849470e-01  -1.6535035e-01
   2.0000000e+00   7.4462389e-01   2.5081314e-01   3.4045840e-01   5.0516297e-01  -1.2120609e+00  -4.5887497e-01   2.4497546e+00  -2.0587314e+00  -9.2375397e-01  -5.8582886e-01
   2.0000000e+00  -4.9317956e-01   1.8356859e+00  -6.4365102e-01   8.0475759e-01  -3.8406815e-01   2.6226306e-02  -6.6369041e-01   8.4343814e-02   5.2249530e-01   5.3011413e-01
   2.0000000e+00  -7.5192649e-01   1.5411371e+00  -3.1814357e-01  -1.0388028e+00  -1.3085967e+00   3.0776992e-02  -1.6953477e+00   1.4047253e-01  -5.4850274e-01   1.7354983e+00
   1.0000000e+00   8.7854847e-02  -1.2552827e+00   1.4147992e+00  -1.3540083e+00   2.7393040e-01  -5.4791599e-01   8.6961108e-01  -4.7577966e-01   7.4139263e-01   3.2558505e-01
   1.0000000e+00   2.9104038e-02   3.6761974e-01   8.8740442e-01  -1.9167667e+00   1.1533759e-01   1.1974239e+00   1.3629369e-01  -8.9692466e-01  -6.8615161e-01   1.0193823e-01
   2.0000000e+00  -1.3825035e-01   1.6883674e+00   9.8886392e-02   8.9244932e-02  -9.2293789e-02  -7.8145529e-01  -8.5228374e-01  -4.7966434e-01  -4.0759596e-01  -4.7000462e-01
   2.0000000e+00  -1.1085909e+00   1.0112702e+00  -1.0008868e-01   1.0120489e-01  -8.4064546e-02   9.0292102e-01  -6.2136254e-01   4.1106803e-01   4.1901987e-01  -4.0109576e-01
   2.0000000e+00  -3.4210404e-01   1.2016963e+00   2.0851939e+00   2.3837919e-01  -9.9547685e-01  -1.5427893e-01  -4.1137830e-01  -1.1307177e-02   5.9730947e-01  -1.6904684e-01
   2.0000000e+00   8.7678820e-02   6.0949956e-02  -8.3379614e-01   1.4377856e+00  -1.4959347e+00  -8.9757236e-01   8.8078622e-01  -1.1393915e+00   2.7696793e-01   1.5654166e-01
   1.0000000e+00   4.0262804e-01   5.5008288e-01  -2.5025305e-01   8.6049541e-01  -7.4720242e-01   1.4971937e+00   1.0581881e+00   6.2446600e-01   6.0956557e-01  -1.1387502e+00
   2.0000000e+00  -2.3275830e+00  -5.6028109e-01   1.1469469e-01  -1.4473231e+00  -1.8549908e-01  -2.9937365e-01  -7.1680148e-01  -7.3149178e-01   9.5873324e-01  -1.2307981e+00
   2.0000000e+00   6.2881546e-01   6.5913282e-01  -1.1488648e+00   8.7035796e-01  -1.3355998e+00   9.6935279e-02   5.0747897e-01  -9.6704515e-01   4.5482124e-01   8.5483234e-01
   2.0000000e+00  -5.7713031e-02  -1.6334249e+00   1.0558312e-01  -9.6656231e-02  -1.1118720e+00   2.2350952e-01   3.9796886e-01  -5.8043880e-01  -5.3612277e-01  -7.0369670e-01
   2.0000000e+00   2.6325297e+00  -2.9338459e-01  -1.2243640e+00   5.4011147e-01  -1.4669851e+00   1.3719929e+00  -6.9763562e-01   1.2907050e+00  -1.5601005e+00   1.1486318e+00
   2.0000000e+00   8.8622477e-02  -1.2504590e-01  -1.0949589e+00  -1.1264507e+00   3.2582405e-02  -6.9367425e-01  -7.3865324e-02  -2.0923042e+00  -6.8589281e-01   1.1206223e-01
   1.0000000e+00   1.4173829e-02   1.1526445e+00   1.0666277e+00   7.2305212e-01  -6.6248662e-01  -1.4886724e+00  -1.4863345e-01   5.4797837e-01  -1.2427019e+00  -1.2764904e+00
   2.0000000e+00  -8.6170717e-01   8.8104794e-01   1.4828702e-01   7.5629858e-01   2.2254086e-01  -9.7172065e-01   1.8370514e-01  -8.3977004e-01   2.0989736e+00  -1.4258690e+00
   2.0000000e+00   1.3535008e+00  -9.7987129e-01  -3.3875331e-01   1.6605427e-01  -7.3167186e-01  -3.6036060e-01  -6.2182198e-01  -4.6283109e-01   2.6042944e-01  -5.1210445e-01
   2.0000000e+00   1.0644061e+00  -1.8217478e-01   2.8693799e-01  -5.9534752e-01   1.0550781e+00  -1.0361501e+00   6.6470785e-01  -8.4369231e-03  -5.5012143e-01  -6.7464106e-01
   2.0000000e+00  -7.7487352e-01  -1.1946924e+00   3.6105560e-02  -1.4008863e+00   6.8815458e-01   1.4942806e-01  -6.4214597e-01   6.7535930e-01   2.0498838e+00   5.8356592e-01
   2.0000000e+00  -3.1190816e-01  -1.4765165e-01  -9.1978862e-01  -2.3731838e+00  -1.3297442e+00   6.9109793e-01   1.2092811e+00  -7.9217683e-01   2.2340802e-01  -1.6076967e+00
   2.0000000e+00   3.8776851e-02   2.8771831e-01  -7.3064271e-01  -1.3869921e+00  -1.5574858e-01   1.5087481e+00   1.7329122e-01   9.6864625e-01  -9.2692766e-01  -7.5465084e-01
   1.0000000e+00   6.0287254e-01   7.1917111e-01   7.9304257e-01  -5.9972993e-01   7.3679322e-01   1.1277239e+00   1.0891453e+00   4.9124585e-01   5.8887339e-01  -4.7995038e-01
   1.0000000e+00   4.0258470e-01  -8.1700433e-01  -1.2678936e+00   1.1118437e-01  -1.3984970e+00   5.9079177e-01   2.3814183e-01  -1.0925345e-01   1.1166077e+00  -8.0499077e-01
   2.0000000e+00  -5.2951536e-02   8.2872922e-01   1.5315703e-01   4.4660349e-01   1.1101583e+00   2.6614854e-01  -4.1579654e-01   9.5452153e-01  -2.0677805e-01   9.3734370e-01
   2.0000000e+00  -5.3150537e-01   1.3924388e-01   1.4173985e-01  -1.1499031e+00  -2.5665409e-01  -6.2418619e-01   7.1315738e-01  -3.5776029e-01   1.6741498e+00  -7.5482295e-02
   2.0000000e+00   5.7341379e-01   7.1631673e-01   2.4640080e-01  -3.1945792e-01  -1.6957676e+00   5.2189391e-01   2.0170368e+00   1.1568850e+00   1.6774493e-01  -7.0110480e-01
   2.0000000e+00  -6.0072422e-01   8.7047245e-02   7.7018930e-01  -1.6557109e-01  -6.0317746e-01   1.2458174e-01  -1.5450262e+00   7.8782234e-01   3.3481767e-01  -3.2525323e-02
   2.0000000e+00   1.4309010e+00   1.8746443e-01  -9.0699868e-02   2.8243058e-01   2.8258911e+00   4.6564894e-01  -1.2022969e+00   3.6032509e-01   4.3880318e-02  -5.8525435e-01
   2.0000000e+00   3.7609763e-02   1.1703945e+00   1.4704778e-01  -1.3803468e-01   1.8472949e-02  -4.4929311e-01  -2.1965428e+00  -4.7227383e-01  -4.6312593e-01   1.2612995e+00
   2.0000000e+00  -1.3770832e+00  -4.1486167e-01  -3.2059598e-01  -5.5481350e-01  -1.4395389e+00  -1.3501431e+00   1.6320464e+00  -2.0326104e-01   5.3676922e-01  -8.1896665e-01
   2.0000000e+00  -2.2785415e-01   6.1423249e-01   1.2498933e-01   2.9867072e-01  -1.5996626e+00   1.4681256e+00  -1.2025224e+00  -5.2031884e-01   1.4936444e+00  -1.0191842e+00
   2.0000000e+00  -7.0029241e-01   1.0382939e+00   3.2256370e-01   1.7757256e+00  -1.0445230e+00  -1.4325018e-01   4.4844892e-01  -6.5679563e-01  -8.1864706e-01   6.4665745e-01
   2.0000000e+00   2.4688004e+00   1.0779781e+00  -1.4552364e+00  -1.7002286e-01  -6.7508718e-01   7.7787700e-01   9.2390767e-01   5.2380354e-02   4.1652274e-02  -9.2275829e-01
   2.0000000e+00   8.2451613e-01   6.8789316e-01  -8.1793962e-01  -1.9081689e-01   1.2847050e+00  -8.2885519e-01  -7.1911667e-01  -5.5594405e-01  -1.4467213e+00   6.3989012e-01
   2.0000000e+00  -7.9456502e-01   6.7893533e-01   1.5675379e+00  -1.8676284e+00   8.0409474e-01  -1.9610110e-01   7.7986877e-01  -9.2470176e-01  -1.9328488e+00  -2.7484027e-01
   2.0000000e+00   9.5057494e-01  -1.7391114e-01   1.0862005e-01  -1.9193083e-01   3.1020070e-01  -4.1273936e-01   1.3711751e+00  -1.2417099e+00   2.3720477e+00   1.3713118e+00
   2.0000000e+00   1.6781955e-01   3.3367848e-01  -8.4622702e-01   9.1693614e-01   1.1589803e+00   4.5629190e-01  -5.9668676e-01  -1.0302279e+00   3.8647277e-01   5.1684753e-01
   2.0000000e+00   6.7713421e-01   1.3064748e+00   2.4536758e-01   2.3561706e+00   2.0278670e-01   1.6179781e+00   4.6974242e-01  -1.6043984e+00  -1.3954354e+00  -3.0493678e+00
   2.0000000e+00  -3.6285466e-01  -3.9757051e-01  -1.3400039e-01   1.4493593e+00   1.0570320e+00  -6.8290144e-02  -1.1593654e+00  -2.2326596e-01   3.3307941e-01   8.3392312e-01
   2.0000000e+00  -4.6185181e-01  -6.6048057e-01   4.2721294e-01   6.2576311e-01  -7.5628726e-01  -2.6046974e-01  -8.8178984e-01  -9.7023345e-02  -5.4294212e-02  -2.2460572e+00
   2.0000000e+00  -3.4698691e-01  -1.0833221e-01   9.4857122e-01   5.1950688e-02  -1.2145351e+00  -3.7387789e-01  -6.9889774e-01  -1.0192278e+00   8.2337084e-01   1.5580228e+00
   2.0000000e+00   2.3863184e-01  -1.2559846e+00  -5.4063669e-01  -3.5930512e-01  -7.7357999e-01  -4.4515053e-01   4.1399144e-01   1.5641650e+00  -5.3234867e-01  -7.3573831e-01
   2.0000000e+00  -1.0342055e+00   1.6798403e-01  -9.4297647e-01   1.2063762e-02  -2.6439084e-01  -6.7534282e-01  -2.6739818e-01   2.8461672e+00  -3.1096843e-01   1.8783936e+00
   2.0000000e+00   2.0505732e+00   5.0230789e-01   1.5949073e-01  -6.1077310e-01   1.1898974e+00  -5.6655857e-01   2.6213491e+00  -6.9836187e-01  -5.7581159e-01   6.2022856e-01
   2.0000000e+00  -1.1974645e-01  -1.8458989e+00  -3.2543218e-01  -1.9552858e+00  -6.0658804e-01  -9.2569234e-01   5.8087831e-01   9.3792114e-01  -1.7989154e-01  -1.4998501e+00
   1.0000000e+00   4.6301891e-01   6.3455972e-01  -1.0428880e+00  -1.0535725e+00   2.0169240e+00   8.4859095e-01   6.8232288e-01   1.2821737e-02  -1.0265257e-01   7.4925163e-01
   2.0000000e+00  -4.5222655e-01  -9.8036393e-01   8.1442266e-02   9.3968703e-01  -8.8222854e-02   4.0896069e-01  -7.4629373e-01   1.2931270e+00  -4.6318222e-01   1.8806376e+00
   2.0000000e+00  -3.8004191e-02   1.7836308e-01   1.4485806e+00  -4.2620462e-01   1.7525262e-01  -6.5422545e-01   5.5453779e-01  -2.6461760e+00   1.6645410e+00  -1.1353216e+00
   2.0000000e+00  -7.5087870e-02   6.0105793e-02   2.8464137e-01   1.4984105e+00  -1.8952608e-01   6.5012047e-01   6.8728825e-01   5.7196631e-01   1.0750588e+00   7.6569737e-01
   2.0000000e+00  -1.7956600e+00  -1.3294798e-01   7.8831270e-01   1.0777989e+00  -9.0508605e-01  -2.1725690e-01   7.2154562e-01  -7.2508740e-01   2.6698192e-01  -5.4335585e-01
   1.0000000e+00   3.0543118e-03  -2.4622357e-01   1.4709438e-01  -1.0190063e+00   9.5053728e-01   1.0108502e+00  -1.7633249e-01   3.0360368e-01   2.2751644e+00   4.8823979e-01
   2.0000000e+00   6.9113845e-01  -3.7588637e-01  -2.6474861e-01   1.6916155e-01   1.4924593e+00  -2.7751004e-01  -1.9983781e+00  -9.2341593e-01   4.9767308e-01   6.8817992e-01
   2.0000000e+00  -3.0028333e+00   9.7647657e-01  -7.7531586e-01  -7.7808157e-01   1.8326921e-01  -2.5272071e-01  -1.2084700e+00   3.8556276e-01   1.6420478e-01   3.2383896e-01
   2.0000000e+00  -5.9103780e-02  -5.9186766e-01  -1.5902983e+00  -5.5257562e-01  -1.8074532e-01   1.3556569e+00  -1.1868060e+00   6.3159091e-01  -4.7799606e-01  -2.5722865e-01
   1.0000000e+00   1.5112480e-02   3.0375901e-01   6.6876395e-01  -1.2324172e+00   5.2664050e-02   1.9733711e-01   5.5141328e-01   3.1352270e-01   7.0637776e-01  -1.0527623e+00
   2.0000000e+00  -2.2729039e-01   8.1719320e-01  -7.2642398e-01   1.0679542e+00  -1.2553115e+00   3.1970430e-01  -1.0353003e+00   2.8003354e-01   8.4003013e-01  -1.3472093e+00
   2.0000000e+00  -1.9003156e+00   2.8396513e-01  -8.3678043e-01   1.3494811e-01  -8.1837441e-01  -1.3424729e+00   5.4343417e-01  -5.3423695e-01   2.9485926e+00  -5.8648574e-01
   1.0000000e+00   6.3609196e-01   1.3916769e-02  -7.0212660e-01   1.6096054e+00  -2.9596665e-01  -5.7161680e-01  -3.7803719e-01   6.2807728e-01   4.5931519e-01   1.4540339e+00
   1.0000000e+00   7.0509557e-01   9.1089116e-01  -1.3598016e+00   3.0174342e-01   7.0097696e-01  -1.2992737e+00   5.7435638e-01  -4.6364028e-02   6.6331847e-01   8.6944561e-01
   2.0000000e+00   8.0897260e-02   7.2691410e-01   5.0226156e-02  -1.4443977e-02   2.9336353e-01  -3.6039437e-01  -4.5703480e-01   1.0745786e+00   4.6460322e-01   8.7553285e-01
